x = x0 + v0 * cos(a) * t
v0 * cos(a) * t = x - x0
t = (x - x0) / (v0 * cos(a))

(768.5, 209.5) (1287, 100)
(769.5, 207.5595195928236) (1287, 100)
(770.5, 204.73685759082977) (1287, 100)
(771.5, 201.0320139940185) (1287, 100)
(772.5, 196.44498880238982) (1287, 100)
(773.5, 190.97578201594368) (1287, 100)
(774.5, 184.62439363468013) (1287, 100)
(775.5, 177.39082365859915) (1287, 100)
(776.5, 169.27507208770072) (1287, 100)
(777.5, 160.27713892198489) (1287, 100)
(778.5, 150.39702416145158) (1287, 100)
(779.5, 139.6347278061009) (1287, 100)
(780.5, 127.99024985593272) (1287, 100)
(781.5, 115.46359031094715) (1287, 100)
(782.5, 102.05474917114412) (1287, 100)
(783.5, 87.76372643652368) (1287, 100)
(784.5, 72.59052210708583) (1287, 100)
(785.5, 56.53513618283051) (1287, 100)
(786.5, 39.597568663757784) (1287, 100)
(787.5, 21.777819549867615) (1287, 100)
(788.5, 3.0758888411600083) (1287, 100)
(789.5, -16.50822346236501) (1287, 100)
(790.5, -36.97451736070744) (1287, 100)
(791.5, -58.32299285386733) (1287, 100)
(792.5, -80.5536499418447) (1287, 100)
(793.5, -103.66648862463944) (1287, 100)
(794.5, -127.66150890225163) (1287, 100)
(795.5, -152.53871077468136) (1287, 100)
(796.5, -178.29809424192837) (1287, 100)
(797.5, -204.93965930399276) (1287, 100)
(798.5, -232.4634059608748) (1287, 100)
(799.5, -260.8693342125741) (1287, 100)
(800.5, -290.1574440590908) (1287, 100)
(801.5, -320.327735500425) (1287, 100)
(802.5, -351.3802085365768) (1287, 100)
(803.5, -383.3148631675457) (1287, 100)
(804.5, -416.13169939333227) (1287, 100)
(805.5, -449.8307172139363) (1287, 100)
(806.5, -484.4119166293575) (1287, 100)
(807.5, -519.8752976395964) (1287, 100)
(808.5, -556.2208602446526) (1287, 100)
(809.5, -593.4486044445264) (1287, 100)
(810.5, -631.5585302392174) (1287, 100)
(811.5, -670.5506376287258) (1287, 100)
(812.5, -710.4249266130516) (1287, 100)
(813.5, -751.1813971921953) (1287, 100)
(814.5, -792.820049366156) (1287, 100)
(815.5, -835.3408831349343) (1287, 100)
(816.5, -878.7438984985301) (1287, 100)
(817.5, -923.0290954569432) (1287, 100)
(818.5, -968.1964740101735) (1287, 100)
(819.5, -1014.2460341582216) (1287, 100)
(820.5, -1061.177775901087) (1287, 100)
(821.5, -1108.9916992387698) (1287, 100)
(822.5, -1157.6878041712705) (1287, 100)
(823.5, -1207.2660906985875) (1287, 100)
(824.5, -1257.726558820723) (1287, 100)
(825.5, -1309.0692085376759) (1287, 100)
(826.5, -1361.2940398494454) (1287, 100)
(827.5, -1414.401052756033) (1287, 100)
(828.5, -1468.3902472574382) (1287, 100)
(829.5, -1523.26162335366) (1287, 100)
(830.5, -1579.0151810447) (1287, 100)
(831.5, -1635.6509203305568) (1287, 100)
(832.5, -1693.1688412112314) (1287, 100)
(833.5, -1751.5689436867237) (1287, 100)
(834.5, -1810.851227757033) (1287, 100)
(835.5, -1871.01569342216) (1287, 100)
(836.5, -1932.0623406821046) (1287, 100)
(837.5, -1993.991169536866) (1287, 100)
(838.5, -2056.802179986445) (1287, 100)
(839.5, -2120.495372030842) (1287, 100)
(840.5, -2185.0707456700557) (1287, 100)
(841.5, -2250.5283009040877) (1287, 100)
(842.5, -2316.8680377329365) (1287, 100)
(843.5, -2384.0899561566025) (1287, 100)
(844.5, -2452.194056175086) (1287, 100)
(845.5, -2521.180337788387) (1287, 100)
(846.5, -2591.0488009965065) (1287, 100)
(847.5, -2661.7994457994423) (1287, 100)
(848.5, -2733.4322721971957) (1287, 100)
(849.5, -2805.9472801897664) (1287, 100)
(850.5, -2879.344469777155) (1287, 100)
(851.5, -2953.62384095936) (1287, 100)
(852.5, -3028.7853937363843) (1287, 100)
(853.5, -3104.829128108225) (1287, 100)
(854.5, -3181.7550440748823) (1287, 100)
(855.5, -3259.5631416363585) (1287, 100)
(856.5, -3338.2534207926506) (1287, 100)
(857.5, -3417.825881543761) (1287, 100)
(858.5, -3498.28052388969) (1287, 100)
(859.5, -3579.617347830434) (1287, 100)
(860.5, -3661.836353365997) (1287, 100)
(861.5, -3744.9375404963776) (1287, 100)
(862.5, -3828.9209092215747) (1287, 100)
(863.5, -3913.7864595415904) (1287, 100)
(864.5, -3999.5341914564224) (1287, 100)
(865.5, -4086.164104966071) (1287, 100)
(866.5, -4173.67620007054) (1287, 100)
(867.5, -4262.070476769825) (1287, 100)
(868.5, -4351.346935063926) (1287, 100)
(869.5, -4441.505574952846) (1287, 100)
(870.5, -4532.546396436583) (1287, 100)
(871.5, -4624.469399515137) (1287, 100)
(872.5, -4717.274584188509) (1287, 100)
(873.5, -4810.961950456698) (1287, 100)
(874.5, -4905.531498319705) (1287, 100)
(875.5, -5000.983227777529) (1287, 100)
(876.5, -5097.317138830172) (1287, 100)
(877.5, -5194.533231477628) (1287, 100)
(878.5, -5292.631505719905) (1287, 100)
(879.5, -5391.611961557) (1287, 100)
(880.5, -5491.4745989889125) (1287, 100)
(881.5, -5592.219418015641) (1287, 100)
(882.5, -5693.8464186371875) (1287, 100)
(883.5, -5796.355600853549) (1287, 100)
(884.5, -5899.7469646647305) (1287, 100)
(885.5, -6004.020510070729) (1287, 100)
(886.5, -6109.176237071545) (1287, 100)
(887.5, -6215.214145667179) (1287, 100)
(888.5, -6322.13423585763) (1287, 100)
(889.5, -6429.936507642897) (1287, 100)
(890.5, -6538.6209610229835) (1287, 100)
(891.5, -6648.187595997887) (1287, 100)
(892.5, -6758.636412567607) (1287, 100)
(893.5, -6869.967410732145) (1287, 100)
(894.5, -6982.180590491499) (1287, 100)
(895.5, -7095.275951845671) (1287, 100)
(896.5, -7209.253494794662) (1287, 100)
(897.5, -7324.11321933847) (1287, 100)
(898.5, -7439.8551254770955) (1287, 100)
(899.5, -7556.4792132105395) (1287, 100)
(900.5, -7673.985482538797) (1287, 100)
(901.5, -7792.373933461875) (1287, 100)
(902.5, -7911.64456597977) (1287, 100)
(903.5, -8031.797380092483) (1287, 100)
(904.5, -8152.832375800013) (1287, 100)
(905.5, -8274.749553102358) (1287, 100)
(906.5, -8397.548911999524) (1287, 100)
(907.5, -8521.230452491505) (1287, 100)
(908.5, -8645.794174578305) (1287, 100)
(909.5, -8771.240078259922) (1287, 100)
(910.5, -8897.568163536358) (1287, 100)
(911.5, -9024.778430407607) (1287, 100)
(912.5, -9152.870878873677) (1287, 100)
(913.5, -9281.845508934563) (1287, 100)
(914.5, -9411.702320590268) (1287, 100)
(915.5, -9542.441313840789) (1287, 100)
(916.5, -9674.062488686128) (1287, 100)
(917.5, -9806.565845126283) (1287, 100)
(918.5, -9939.951383161257) (1287, 100)
(919.5, -10074.21910279105) (1287, 100)
(920.5, -10209.369004015658) (1287, 100)
(921.5, -10345.401086835085) (1287, 100)
(922.5, -10482.315351249326) (1287, 100)
(923.5, -10620.111797258387) (1287, 100)
(924.5, -10758.790424862267) (1287, 100)
(925.5, -10898.351234060963) (1287, 100)
(926.5, -11038.794224854475) (1287, 100)
(927.5, -11180.119397242806) (1287, 100)
(928.5, -11322.326751225954) (1287, 100)
(929.5, -11465.416286803917) (1287, 100)
(930.5, -11609.388003976701) (1287, 100)
(931.5, -11754.241902744303) (1287, 100)
(932.5, -11899.97798310672) (1287, 100)
(933.5, -12046.596245063954) (1287, 100)
(934.5, -12194.096688616006) (1287, 100)
(935.5, -12342.479313762877) (1287, 100)
(936.5, -12491.744120504565) (1287, 100)
(937.5, -12641.89110884107) (1287, 100)
(938.5, -12792.920278772393) (1287, 100)
(939.5, -12944.83163029853) (1287, 100)
(940.5, -13097.625163419487) (1287, 100)
(941.5, -13251.300878135262) (1287, 100)
(942.5, -13405.858774445858) (1287, 100)
(943.5, -13561.298852351269) (1287, 100)
(944.5, -13717.621111851491) (1287, 100)
(945.5, -13874.825552946535) (1287, 100)
(946.5, -14032.912175636398) (1287, 100)
(947.5, -14191.880979921078) (1287, 100)
(948.5, -14351.731965800576) (1287, 100)
(949.5, -14512.46513327489) (1287, 100)
(950.5, -14674.080482344018) (1287, 100)
(951.5, -14836.578013007967) (1287, 100)
(952.5, -14999.957725266735) (1287, 100)
(953.5, -15164.219619120318) (1287, 100)
(954.5, -15329.363694568721) (1287, 100)
(955.5, -15495.38995161194) (1287, 100)
(956.5, -15662.298390249975) (1287, 100)
(957.5, -15830.089010482829) (1287, 100)
(958.5, -15998.7618123105) (1287, 100)
(959.5, -16168.31679573299) (1287, 100)
(960.5, -16338.753960750295) (1287, 100)
(961.5, -16510.073307362418) (1287, 100)
(962.5, -16682.274835569355) (1287, 100)
(963.5, -16855.358545371117) (1287, 100)
(964.5, -17029.324436767693) (1287, 100)
(965.5, -17204.172509759086) (1287, 100)
(966.5, -17379.902764345297) (1287, 100)
(967.5, -17556.515200526323) (1287, 100)
(968.5, -17734.009818302166) (1287, 100)
(969.5, -17912.38661767283) (1287, 100)
(970.5, -18091.645598638308) (1287, 100)
(971.5, -18271.786761198608) (1287, 100)
(972.5, -18452.81010535372) (1287, 100)
(973.5, -18634.715631103656) (1287, 100)
(974.5, -18817.503338448405) (1287, 100)
(975.5, -19001.17322738797) (1287, 100)
(976.5, -19185.72529792236) (1287, 100)
(977.5, -19371.15955005156) (1287, 100)
(978.5, -19557.47598377558) (1287, 100)
(979.5, -19744.674599094415) (1287, 100)
(980.5, -19932.755396008073) (1287, 100)
(981.5, -20121.718374516542) (1287, 100)
(982.5, -20311.563534619832) (1287, 100)
(983.5, -20502.29087631794) (1287, 100)
(984.5, -20693.90039961087) (1287, 100)
(985.5, -20886.39210449861) (1287, 100)
(986.5, -21079.76599098116) (1287, 100)
(987.5, -21274.022059058538) (1287, 100)
(988.5, -21469.16030873073) (1287, 100)
(989.5, -21665.180739997744) (1287, 100)
(990.5, -21862.083352859572) (1287, 100)
(991.5, -22059.868147316218) (1287, 100)
(992.5, -22258.53512336769) (1287, 100)
(993.5, -22458.084281013966) (1287, 100)
(994.5, -22658.515620255068) (1287, 100)
(995.5, -22859.82914109098) (1287, 100)
(996.5, -23062.024843521718) (1287, 100)
(997.5, -23265.10272754727) (1287, 100)
(998.5, -23469.062793167628) (1287, 100)
(999.5, -23673.905040382815) (1287, 100)
(1000.5, -23879.62946919282) (1287, 100)
(1001.5, -24086.236079597642) (1287, 100)
(1002.5, -24293.72487159728) (1287, 100)
(1003.5, -24502.09584519174) (1287, 100)
(1004.5, -24711.349000381007) (1287, 100)
(1005.5, -24921.4843371651) (1287, 100)
(1006.5, -25132.501855544007) (1287, 100)
(1007.5, -25344.401555517736) (1287, 100)
(1008.5, -25557.183437086278) (1287, 100)
(1009.5, -25770.84750024963) (1287, 100)
(1010.5, -25985.393745007805) (1287, 100)
(1011.5, -26200.822171360804) (1287, 100)
(1012.5, -26417.132779308617) (1287, 100)
(1013.5, -26634.325568851247) (1287, 100)
(1014.5, -26852.400539988696) (1287, 100)
(1015.5, -27071.357692720958) (1287, 100)
(1016.5, -27291.19702704804) (1287, 100)
(1017.5, -27511.918542969946) (1287, 100)
(1018.5, -27733.522240486658) (1287, 100)
(1019.5, -27956.0081195982) (1287, 100)
(1020.5, -28179.376180304538) (1287, 100)
(1021.5, -28403.62642260571) (1287, 100)
(1022.5, -28628.758846501696) (1287, 100)
(1023.5, -28854.7734519925) (1287, 100)
(1024.5, -29081.670239078125) (1287, 100)
(1025.5, -29309.44920775856) (1287, 100)
(1026.5, -29538.11035803382) (1287, 100)
(1027.5, -29767.653689903895) (1287, 100)
(1028.5, -29998.079203368787) (1287, 100)
(1029.5, -30229.386898428496) (1287, 100)
(1030.5, -30461.576775083027) (1287, 100)
(1031.5, -30694.648833332358) (1287, 100)
(1032.5, -30928.603073176524) (1287, 100)
(1033.5, -31163.439494615497) (1287, 100)
(1034.5, -31399.158097649295) (1287, 100)
(1035.5, -31635.75888227791) (1287, 100)
(1036.5, -31873.24184850134) (1287, 100)
(1037.5, -32111.606996319588) (1287, 100)
(1038.5, -32350.85432573266) (1287, 100)
(1039.5, -32590.98383674054) (1287, 100)
(1040.5, -32831.99552934324) (1287, 100)
(1041.5, -33073.88940354076) (1287, 100)
(1042.5, -33316.66545933308) (1287, 100)
(1043.5, -33560.32369672024) (1287, 100)
(1044.5, -33804.864115702214) (1287, 100)
(1045.5, -34050.286716279) (1287, 100)
(1046.5, -34296.59149845061) (1287, 100)
(1047.5, -34543.77846221703) (1287, 100)
(1048.5, -34791.84760757827) (1287, 100)
(1049.5, -35040.79893453432) (1287, 100)
(1050.5, -35290.632443085204) (1287, 100)
(1051.5, -35541.3481332309) (1287, 100)
(1052.5, -35792.94600497141) (1287, 100)
(1053.5, -36045.42605830672) (1287, 100)
(1054.5, -36298.788293236874) (1287, 100)
(1055.5, -36553.032709761836) (1287, 100)
(1056.5, -36808.159307881615) (1287, 100)
(1057.5, -37064.16808759621) (1287, 100)
(1058.5, -37321.05904890563) (1287, 100)
(1059.5, -37578.83219180986) (1287, 100)
(1060.5, -37837.48751630891) (1287, 100)
(1061.5, -38097.02502240278) (1287, 100)
(1062.5, -38357.44471009146) (1287, 100)
(1063.5, -38618.746579374965) (1287, 100)
(1064.5, -38880.93063025328) (1287, 100)
(1065.5, -39143.9968627264) (1287, 100)
(1066.5, -39407.945276794366) (1287, 100)
(1067.5, -39672.77587245714) (1287, 100)
(1068.5, -39938.48864971472) (1287, 100)
(1069.5, -40205.08360856713) (1287, 100)
(1070.5, -40472.56074901436) (1287, 100)
(1071.5, -40740.9200710564) (1287, 100)
(1072.5, -41010.16157469325) (1287, 100)
(1073.5, -41280.28525992494) (1287, 100)
(1074.5, -41551.29112675143) (1287, 100)
(1075.5, -41823.17917517274) (1287, 100)
(1076.5, -42095.949405188854) (1287, 100)
(1077.5, -42369.601816799805) (1287, 100)
(1078.5, -42644.136410005565) (1287, 100)
(1079.5, -42919.553184806144) (1287, 100)
(1080.5, -43195.85214120155) (1287, 100)
(1081.5, -43473.03327919177) (1287, 100)
(1082.5, -43751.0965987768) (1287, 100)
(1083.5, -44030.04209995664) (1287, 100)
(1084.5, -44309.86978273131) (1287, 100)
(1085.5, -44590.5796471008) (1287, 100)
(1086.5, -44872.1716930651) (1287, 100)
(1087.5, -45154.645920624214) (1287, 100)
(1088.5, -45438.00232977815) (1287, 100)
(1089.5, -45722.240920526914) (1287, 100)
(1090.5, -46007.36169287047) (1287, 100)
(1091.5, -46293.36464680886) (1287, 100)
(1092.5, -46580.24978234208) (1287, 100)
(1093.5, -46868.017099470104) (1287, 100)
(1094.5, -47156.66659819295) (1287, 100)
(1095.5, -47446.1982785106) (1287, 100)
(1096.5, -47736.61214042309) (1287, 100)
(1097.5, -48027.90818393038) (1287, 100)
(1098.5, -48320.08640903248) (1287, 100)
(1099.5, -48613.1468157294) (1287, 100)
(1100.5, -48907.08940402116) (1287, 100)
(1101.5, -49201.91417390772) (1287, 100)
(1102.5, -49497.6211253891) (1287, 100)
(1103.5, -49794.2102584653) (1287, 100)
(1104.5, -50091.681573136324) (1287, 100)
(1105.5, -50390.035069402154) (1287, 100)
(1106.5, -50689.2707472628) (1287, 100)
(1107.5, -50989.388606718276) (1287, 100)
(1108.5, -51290.38864776857) (1287, 100)
(1109.5, -51592.27087041365) (1287, 100)
(1110.5, -51895.03527465357) (1287, 100)
(1111.5, -52198.68186048831) (1287, 100)
(1112.5, -52503.21062791787) (1287, 100)
(1113.5, -52808.62157694224) (1287, 100)
(1114.5, -53114.91470756143) (1287, 100)
(1115.5, -53422.09001977545) (1287, 100)
(1116.5, -53730.14751358428) (1287, 100)
(1117.5, -54039.08718898792) (1287, 100)
(1118.5, -54348.90904598638) (1287, 100)
(1119.5, -54659.61308457966) (1287, 100)
(1120.5, -54971.19930476774) (1287, 100)
(1121.5, -55283.66770655065) (1287, 100)
(1122.5, -55597.018289928375) (1287, 100)
(1123.5, -55911.25105490093) (1287, 100)
(1124.5, -56226.3660014683) (1287, 100)
(1125.5, -56542.36312963048) (1287, 100)
(1126.5, -56859.242439387475) (1287, 100)
(1127.5, -57177.0039307393) (1287, 100)
(1128.5, -57495.64760368594) (1287, 100)
(1129.5, -57815.173458227386) (1287, 100)
(1130.5, -58135.58149436366) (1287, 100)
(1131.5, -58456.87171209475) (1287, 100)
(1132.5, -58779.04411142063) (1287, 100)
(1133.5, -59102.098692341366) (1287, 100)
(1134.5, -59426.035454856894) (1287, 100)
(1135.5, -59750.854398967254) (1287, 100)
(1136.5, -60076.55552467243) (1287, 100)
(1137.5, -60403.13883197242) (1287, 100)
(1138.5, -60730.604320867234) (1287, 100)
(1139.5, -61058.951991356866) (1287, 100)
(1140.5, -61388.18184344131) (1287, 100)
(1141.5, -61718.293877120566) (1287, 100)
(1142.5, -62049.28809239465) (1287, 100)
(1143.5, -62381.16448926354) (1287, 100)
(1144.5, -62713.92306772725) (1287, 100)
(1145.5, -63047.56382778578) (1287, 100)
(1146.5, -63382.086769439135) (1287, 100)
(1147.5, -63717.4918926873) (1287, 100)
(1148.5, -64053.77919753028) (1287, 100)
(1149.5, -64390.94868396808) (1287, 100)
(1150.5, -64729.00035200071) (1287, 100)
(1151.5, -65067.93420162814) (1287, 100)
(1152.5, -65407.75023285039) (1287, 100)
(1153.5, -65748.44844566747) (1287, 100)
(1154.5, -66090.02884007934) (1287, 100)
(1155.5, -66432.49141608605) (1287, 100)
(1156.5, -66775.83617368757) (1287, 100)
(1157.5, -67120.0631128839) (1287, 100)
(1158.5, -67465.17223367507) (1287, 100)
(1159.5, -67811.16353606104) (1287, 100)
(1160.5, -68158.03702004184) (1287, 100)
(1161.5, -68505.79268561745) (1287, 100)
(1162.5, -68854.43053278787) (1287, 100)
(1163.5, -69203.95056155312) (1287, 100)
(1164.5, -69554.3527719132) (1287, 100)
(1165.5, -69905.63716386804) (1287, 100)
(1166.5, -70257.80373741775) (1287, 100)
(1167.5, -70610.85249256226) (1287, 100)
(1168.5, -70964.78342930159) (1287, 100)
(1169.5, -71319.59654763575) (1287, 100)
(1170.5, -71675.2918475647) (1287, 100)
(1171.5, -72031.8693290885) (1287, 100)
(1172.5, -72389.3289922071) (1287, 100)
(1173.5, -72747.67083692052) (1287, 100)
(1174.5, -73106.89486322875) (1287, 100)
(1175.5, -73467.00107113183) (1287, 100)
(1176.5, -73827.98946062967) (1287, 100)
(1177.5, -74189.86003172236) (1287, 100)
(1178.5, -74552.61278440987) (1287, 100)
(1179.5, -74916.24771869219) (1287, 100)
(1180.5, -75280.76483456935) (1287, 100)
(1181.5, -75646.16413204129) (1287, 100)
(1182.5, -76012.44561110807) (1287, 100)
(1183.5, -76379.60927176967) (1287, 100)
(1184.5, -76747.65511402607) (1287, 100)
(1185.5, -77116.58313787731) (1287, 100)
(1186.5, -77486.39334332336) (1287, 100)
(1187.5, -77857.08573036421) (1287, 100)
(1188.5, -78228.6602989999) (1287, 100)
(1189.5, -78601.11704923038) (1287, 100)
(1190.5, -78974.4559810557) (1287, 100)
(1191.5, -79348.67709447583) (1287, 100)
(1192.5, -79723.78038949078) (1287, 100)
(1193.5, -80099.76586610056) (1287, 100)
(1194.5, -80476.63352430514) (1287, 100)
(1195.5, -80854.38336410453) (1287, 100)
(1196.5, -81233.01538549876) (1287, 100)
(1197.5, -81612.5295884878) (1287, 100)
(1198.5, -81992.92597307166) (1287, 100)
(1199.5, -82374.20453925035) (1287, 100)
(1200.5, -82756.36528702383) (1287, 100)
(1201.5, -83139.40821639213) (1287, 100)
(1202.5, -83523.33332735527) (1287, 100)
(1203.5, -83908.1406199132) (1287, 100)
(1204.5, -84293.83009406592) (1287, 100)
(1205.5, -84680.4017498135) (1287, 100)
(1206.5, -85067.85558715591) (1287, 100)
(1207.5, -85456.19160609311) (1287, 100)
(1208.5, -85845.40980662513) (1287, 100)
(1209.5, -86235.510188752) (1287, 100)
(1210.5, -86626.49275247367) (1287, 100)
(1211.5, -87018.35749779013) (1287, 100)
(1212.5, -87411.10442470144) (1287, 100)
(1213.5, -87804.73353320756) (1287, 100)
(1214.5, -88199.24482330849) (1287, 100)
(1215.5, -88594.63829500426) (1287, 100)
(1216.5, -88990.91394829482) (1287, 100)
(1217.5, -89388.0717831802) (1287, 100)
(1218.5, -89786.11179966042) (1287, 100)
(1219.5, -90185.03399773543) (1287, 100)
(1220.5, -90584.83837740528) (1287, 100)
(1221.5, -90985.52493866993) (1287, 100)
(1222.5, -91387.0936815294) (1287, 100)
(1223.5, -91789.5446059837) (1287, 100)
(1224.5, -92192.8777120328) (1287, 100)
(1225.5, -92597.09299967672) (1287, 100)
(1226.5, -93002.19046891549) (1287, 100)
(1227.5, -93408.170119749) (1287, 100)
(1228.5, -93815.03195217738) (1287, 100)
(1229.5, -94222.77596620058) (1287, 100)
(1230.5, -94631.40216181858) (1287, 100)
(1231.5, -95040.91053903142) (1287, 100)
(1232.5, -95451.30109783908) (1287, 100)
(1233.5, -95862.57383824153) (1287, 100)
(1234.5, -96274.72876023882) (1287, 100)
(1235.5, -96687.76586383092) (1287, 100)
(1236.5, -97101.68514901784) (1287, 100)
(1237.5, -97516.48661579959) (1287, 100)
(1238.5, -97932.17026417614) (1287, 100)
(1239.5, -98348.7360941475) (1287, 100)
(1240.5, -98766.18410571369) (1287, 100)
(1241.5, -99184.5142988747) (1287, 100)
(1242.5, -99603.72667363052) (1287, 100)
(1243.5, -100023.82122998114) (1287, 100)
(1244.5, -100444.79796792661) (1287, 100)
(1245.5, -100866.6568874669) (1287, 100)
(1246.5, -101289.39798860198) (1287, 100)
(1247.5, -101713.0212713319) (1287, 100)
(1248.5, -102137.52673565663) (1287, 100)
(1249.5, -102562.91438157613) (1287, 100)
(1250.5, -102989.1842090905) (1287, 100)
(1251.5, -103416.33621819966) (1287, 100)
(1252.5, -103844.37040890366) (1287, 100)
(1253.5, -104273.28678120249) (1287, 100)
(1254.5, -104703.08533509611) (1287, 100)
(1255.5, -105133.76607058458) (1287, 100)
(1256.5, -105565.32898766785) (1287, 100)
(1257.5, -105997.77408634592) (1287, 100)
(1258.5, -106431.10136661882) (1287, 100)
(1259.5, -106865.31082848654) (1287, 100)
(1260.5, -107300.40247194908) (1287, 100)
(1261.5, -107736.37629700643) (1287, 100)
(1262.5, -108173.23230365859) (1287, 100)
(1263.5, -108610.9704919056) (1287, 100)
(1264.5, -109049.5908617474) (1287, 100)
(1265.5, -109489.09341318402) (1287, 100)
(1266.5, -109929.47814621548) (1287, 100)
(1267.5, -110370.74506084173) (1287, 100)
(1268.5, -110812.8941570628) (1287, 100)
(1269.5, -111255.9254348787) (1287, 100)
(1270.5, -111699.83889428941) (1287, 100)
(1271.5, -112144.6345352949) (1287, 100)
(1272.5, -112590.31235789525) (1287, 100)
(1273.5, -113036.8723620904) (1287, 100)
(1274.5, -113484.31454788039) (1287, 100)
(1275.5, -113932.63891526518) (1287, 100)
(1276.5, -114381.84546424479) (1287, 100)
(1277.5, -114831.93419481923) (1287, 100)
(1278.5, -115282.90510698849) (1287, 100)
(1279.5, -115734.75820075256) (1287, 100)
(1280.5, -116187.49347611144) (1287, 100)
(1281.5, -116641.11093306514) (1287, 100)
(1282.5, -117095.61057161365) (1287, 100)
(1283.5, -117550.99239175701) (1287, 100)
(1284.5, -118007.25639349515) (1287, 100)
(1285.5, -118464.40257682814) (1287, 100)
(1286.5, -118922.43094175593) (1287, 100)
(1287.5, -119381.34148827853) (1287, 100)


t = H - y
y = H - y0

2.70 = a * 4    * 4    + b * 4    + c
3.05 = a * 9    * 9    + b * 9    + c
3.52 = a * 2.84 * 2.84 + b * 2.84 + c

c = 2.70 - a * 4 * 4 - b * 4
3.05 = a * 9    * 9    + b * d    + 2.70 - a * 4 * 4
3.52 = a * 2.84 * 2.84 + b * 2.84 + 2.70 - a * 4 * 4

%
b = (3.05 - a * 9 * 9 - 2.70 + a * 4 * 4) / d
3.52 = a * 2.84 * 2.84 + (3.05 - a * 9 * 9 - 2.70 + a * 4 * 4) * (2.84 - 4) / d + 2.70 - a * 4 * 4


h0 = ax0x0 + bx0 + c
h1 = ax1x1 + bx1 + c
hM = axMxM + bxM + c

c = h0 - ax0x0 - bx0
h1 = ad(x1 - x0) + bd + h0
hM = a(xMxM - x0x0) + b(xM - x0) + h0

c = h0 - ax0x0 - bx0
b = (h1 - h0 - ad(x1 - x0)) / d
hM = a(xMxM - x0x0) + (h1 - h0 - ad(x1 - x0))(xM - x0) / d + h0


